0 FILE BricksNOT-Gate.ldr
0 
0 Name: New Model.ldr
0 Author: 
1 7 -170 -24 -10 1 0 0 0 1 0 0 0 1 3702.dat
0 STEP
1 1 -230 -14 -20 0 0 1 0 1 0 -1 0 0 3749.dat
1 1 -150 -14 -20 0 0 1 0 1 0 -1 0 0 3749.dat
0 STEP
1 2 -190 -15 -25 1 0 0 0 0 -1 0 1 0 2905.dat
0 STEP
1 3 -190 -15 -35 1 0 0 0 0 -1 0 1 0 2905.dat
0 STEP
1 30033 -190 -35 -40 0 0 1 0 1 0 -1 0 0 3749.dat
0 STEP
1 368 -190 -35 -45.4404 1 0 0 0 1 0 0 0 1 32123b.dat
0 STEP
1 2 -152.7447 -54.7288 -45.4756 0 0 1 -1 0 0 0 -1 0 32449.dat
0 STEP
1 371 -197.4985 -17.0633 -45.2151 -0.218143 0 -0.975917 -0.975917 0 0.218143 0 1 0 41677.dat
0 STEP
1 7 -122.8687 -54.8821 -61.0065 0 0 1 0 1 0 -1 0 0 32062.dat
1 7 -182.8677 -55 -59.0163 0 0 1 0 1 0 -1 0 0 32062.dat
1 7 -197.4331 -17.2045 -59.0401 0 0.218143 0.975917 0 0.975917 -0.218143 -1 0 0 32062.dat
1 7 -217.0061 -14.0281 -59.0401 0 0.187381 0.982287 0 0.982287 -0.187381 -1 0 0 32062.dat
0 STEP
1 4 -189.7708 -36.0396 -60.776 -0.928486 0 0.371368 -0.371368 0 -0.928486 0 -1 0 32523.dat
0 STEP
1 30001 -237.6014 -13.4311 -60.4389 0 0 -1 0 -1 0 -1 0 0 32039.dat
0 STEP
1 6 -122.377 -34.8781 -60.8474 0 0.017452 -0.999848 0 0.999848 0.017452 1 0 0 42003.dat
0 STEP
1 371 -197.4083 -17.2834 -75.8871 -0.187381 0 -0.982287 -0.982287 0 0.187381 0 1 0 41677.dat
0 STEP
1 2 -152.9738 -54.8995 -75.9606 0 0 1 -1 0 0 0 -1 0 32449.dat
0 STEP
1 7 -80 -24 -60 0 0 1 0 1 0 -1 0 0 3894.dat
1 7 -260.1478 -24 -60 0 0 1 0 1 0 -1 0 0 3894.dat
0 STEP
1 0 -170 -32.5303 -10 1 0 0 0 1 0 0 0 1 4477.dat
0 STEP
1 110 -102.4979 -14.8277 -60.5222 0 0 -1 0 1 0 1 0 0 3713.dat
1 110 -142.3974 -15.8969 -61.4498 0 0 -1 0 1 0 1 0 0 3713.dat
0 STEP
1 0 -93.1861 -15 -59.9739 1 0 0 0 1 0 0 0 1 3706.dat
0 STEP
1 0 -272.002 -13.8006 -60.3858 1 0 0 0 1 0 0 0 1 3705.dat
0 STEP
1 8 -311.1124 -13.2694 -60.3144 0 0 1 0 1 0 -1 0 0 59443.dat
1 8 -28.8955 -15.2694 -59.9815 0 0 1 0 1 0 -1 0 0 59443.dat
0 STEP
1 368 -190 -37 -75.4404 1 0 0 0 1 0 0 0 1 32123b.dat
0 STEP
1 30033 -190 -37 -80.8388 0 0 1 0 -1 0 1 0 0 3749.dat
0 STEP
1 3 -190 -17 -86 1 0 0 0 0 -1 0 1 0 2905.dat
0 STEP
1 2 -190 -17 -96 1 0 0 0 0 -1 0 1 0 2905.dat
0 STEP
1 1 -230 -14 -100 0 0 1 0 -1 0 1 0 0 3749.dat
1 1 -150 -15 -101 0 0 1 0 -1 0 1 0 0 3749.dat
0 STEP
1 7 -170 -24 -110 1 0 0 0 1 0 0 0 1 3702.dat
0 STEP
1 0 -170 -32.5303 -110.0774 1 0 0 0 1 0 0 0 1 4477.dat
0 !LEOCAD CAMERA FOV 30 ZNEAR 25 ZFAR 50000
0 !LEOCAD CAMERA POSITION -173.074 -156.345 -15.0039
0 !LEOCAD CAMERA TARGET_POSITION -173.904 -136.779 -5.4227
0 !LEOCAD CAMERA UP_VECTOR -0.407967 -0.415426 0.813009
0 !LEOCAD CAMERA NAME Camera 1
0 NOFILE
0 FILE NOTGate.ldr
0 
0 Name: NOTGate.ldr
0 Author: 
1 7 179 0 -49.6086 1 0 0 0 1 0 0 0 1 BricksNOT-Gate.ldr
1 7 -390 0 -110 1 0 0 0 1 0 0 0 1 BricksOR-Gate.ldr
1 7 179 0 71 1 0 0 0 1 0 0 0 1 BricksNOT-Gate.ldr
1 7 -212 -13.8493 -110.2144 1 0 0 0 1 0 0 0 1 44294.dat
1 6 -183.3518 -13.7898 10.75 0 -1 0 1 0 0 0 0 1 32014.dat
1 7 -152.1779 -12.9023 10.3143 1 0 0 0 1 0 0 0 1 4109810.dat
1 6 -182.245 -13.7898 -70.9181 0 1 0 1 0 0 0 0 -1 32014.dat
1 3 -241.1302 -12.3425 -70.8997 1 0 0 0 1 0 0 0 1 3705.dat
1 3 -182.415 -13.0608 -29.6797 0 0 -1 0 1 0 1 0 0 4519.dat
0 NOFILE
