0 FILE BricksNOT-Gate.ldr
0 
0 Name: New Model.ldr
0 Author: 
1 6 -120 -8 -80 0 0 1 0 1 0 -1 0 0 3460.dat
1 6 -260 -8 -80 0 0 1 0 1 0 -1 0 0 3460.dat
0 STEP
1 7 -190 -32 -10 1 0 0 0 1 0 0 0 1 3702.dat
0 STEP
1 1 -230 -22 -20 0 0 1 0 1 0 -1 0 0 3749.dat
1 1 -150 -22 -20 0 0 1 0 1 0 -1 0 0 3749.dat
0 STEP
1 2 -190 -23 -25 1 0 0 0 0 -1 0 1 0 2905.dat
0 STEP
1 3 -190 -23 -35 1 0 0 0 0 -1 0 1 0 2905.dat
0 STEP
1 6 -190 -45.422 -80 0 0 1 0 1 0 -1 0 0 3706.dat
0 STEP
1 368 -190 -43 -45.4404 1 0 0 0 1 0 0 0 1 32123b.dat
0 STEP
1 371 -197.4985 -25.0633 -45.2151 -0.218143 0 -0.975917 -0.975917 0 0.218143 0 1 0 41677.dat
0 STEP
1 313 -143 -63 -45 0 0 -1 -1 0 0 0 1 0 6632.dat
0 STEP
1 7 -142.8687 -62.8821 -61.0065 0 0 1 0 1 0 -1 0 0 32062.dat
1 7 -182.8677 -63 -59.0163 0 0 1 0 1 0 -1 0 0 32062.dat
1 7 -197.4331 -25.2045 -59.0401 0 0.218143 0.975917 0 0.975917 -0.218143 -1 0 0 32062.dat
1 7 -217.0061 -22.0281 -59.0401 0 0.187381 0.982287 0 0.982287 -0.187381 -1 0 0 32062.dat
0 STEP
1 4 -189.7708 -44.0396 -60.776 -0.928486 0 0.371368 -0.371368 0 -0.928486 0 -1 0 32523.dat
0 STEP
1 288 -217 -22 -60 0 0 1 0 1 0 -1 0 0 32013.dat
0 STEP
1 6 -142.3738 -42.5291 -60.8474 -0.999848 -0.017452 0 0.017452 -0.999848 0 0 0 1 42003.dat
0 STEP
1 371 -197.4083 -25.2834 -75.8871 -0.187381 0 -0.982287 -0.982287 0 0.187381 0 1 0 41677.dat
0 STEP
1 313 -143 -63 -76 0 0 -1 -1 0 0 0 1 0 6632.dat
0 STEP
1 368 -190 -45 -75.4404 1 0 0 0 1 0 0 0 1 32123b.dat
1 368 -190 -45 -85.4404 1 0 0 0 1 0 0 0 1 32123b.dat
0 STEP
1 371 -197.4985 -25.0633 -85.2151 -0.218143 0 -0.975917 -0.975917 0 0.218143 0 1 0 41677.dat
0 STEP
1 313 -143 -63 -85 0 0 -1 -1 0 0 0 1 0 6632.dat
0 STEP
1 7 -217.0061 -22.0281 -99.0401 0 0.187381 0.982287 0 0.982287 -0.187381 -1 0 0 32062.dat
1 7 -197.4331 -25.2045 -99.0401 0 0.218143 0.975917 0 0.975917 -0.218143 -1 0 0 32062.dat
1 7 -142.8687 -62.8821 -101.0065 0 0 1 0 1 0 -1 0 0 32062.dat
1 7 -182.8677 -63 -99.0163 0 0 1 0 1 0 -1 0 0 32062.dat
0 STEP
1 4 -189.7708 -44.0396 -100.776 -0.928486 0 0.371368 -0.371368 0 -0.928486 0 -1 0 32523.dat
0 STEP
1 6 -142.3738 -42.5291 -100.8474 -0.999848 -0.017452 0 0.017452 -0.999848 0 0 0 1 42003.dat
0 STEP
1 288 -217 -22 -100 0 0 1 0 1 0 -1 0 0 32013.dat
0 STEP
1 371 -197.4985 -25.0633 -115.2151 -0.218143 0 -0.975917 -0.975917 0 0.218143 0 1 0 41677.dat
0 STEP
1 313 -143 -63 -115 0 0 -1 -1 0 0 0 1 0 6632.dat
0 STEP
1 368 -190 -45 -115.4404 1 0 0 0 1 0 0 0 1 32123b.dat
0 STEP
1 3 -190 -25 -125 1 0 0 0 0 -1 0 1 0 2905.dat
0 STEP
1 2 -190 -25 -135 1 0 0 0 0 -1 0 1 0 2905.dat
0 STEP
1 1 -230 -22 -140 0 0 1 0 -1 0 1 0 0 3749.dat
1 1 -150 -22 -140 0 0 1 0 -1 0 1 0 0 3749.dat
0 STEP
1 18 -260 -32 -80.014 0 0 1 0 1 0 -1 0 0 3894.dat
1 18 -120 -32 -80.014 0 0 1 0 1 0 -1 0 0 3894.dat
0 STEP
1 7 -190 -32 -150 1 0 0 0 1 0 0 0 1 3702.dat
0 STEP
1 0 -272.002 -21.8006 -60.3858 1 0 0 0 1 0 0 0 1 3705.dat
1 0 -113.002 -21.8006 -60.3858 1 0 0 0 1 0 0 0 1 3705.dat
1 0 -272.002 -21.8006 -100.3858 1 0 0 0 1 0 0 0 1 3705.dat
1 0 -113.002 -21.8006 -100.3858 1 0 0 0 1 0 0 0 1 3705.dat
0 STEP
1 8 -311.1124 -22.2694 -60.3144 0 0 1 0 1 0 -1 0 0 59443.dat
1 8 -71.8955 -22.2694 -59.9815 0 0 1 0 1 0 -1 0 0 59443.dat
1 8 -311.1124 -22.2694 -100.3144 0 0 1 0 1 0 -1 0 0 59443.dat
1 8 -71.8955 -22.2694 -99.9815 0 0 1 0 1 0 -1 0 0 59443.dat
0 STEP
1 6 -260 -40 -80 0 0 1 0 1 0 -1 0 0 3460.dat
1 6 -120 -40 -80 0 0 1 0 1 0 -1 0 0 3460.dat
0 NOFILE
0 FILE NOTGate.ldr
0 
0 Name: NOTGate.ldr
0 Author: 
1 7 -200 0 110 1 0 0 0 1 0 0 0 1 BricksNOT-Gate.ldr
0 NOFILE
